initposition:       [0.011, 0.011, -0.1, 0.023, 0.12 ]

zeroposition:       [2.9496, 1.13446, -2.54818, 1.78896, 2.93075]

pregrasp_laying_mex: [2.97196, 2.2966, -2.36522, 3.34847, 3.036924]

pregrasp_standing_mex: [3.02221, 2.48996, -1.53309, 1.17502, 2.92980]

arm_out_of_view: [2.94958, 0.01564, -2.59489, 2.38586, 2.93068]
